SITE_NUMBER	LATITUDE	LONGITUDE	ANPP	BIOME_TYPE	MANAGEMENT	ANNUAL_TEMPERATURE
1	-31.6	-64.8	373.5	G	N	8.1
2	-38.2	-62.3	263.25	G	N	12.39
3	53.15	-111.92	128.7	G	N	2.8
4	49.7092	-112.9403	99	G	N	6.4
5	50.7	-102.72	133	G	N	3
6	50.47	-104.37	61.2	G	N	2.4
7	-4.2892	11.6564	171	G	N	25
8	47.55	7.57	187.8	G	N	9.3
9	6.33	-5.02	373.5	G	N	26.93
10	6.33	-5.02	414	G	N	26.93
11	6.33	-5.02	693	G	N	26.93
12	42.0467	116.2836	60.675	G	N	2.1
13	42.0467	116.2836	133.7175	G	M	2.1
14	37.6133	101.305	200.025	G	N	-1.7
15	43.63	116.7	36.9	G	N	0.7
16	43.63	116.7	112.95	G	M	0.7
17	43.63	116.7	46.5	G	M	0.7
18	43.63	116.7	460.35	G	M	0.7
19	43.53	116.66	87	G	N	0.7
20	43.53	116.66	256.05	G	M	0.7
21	43.53	116.66	49.275	G	N	0.7
22	39.38	109.18	18.45	G	N	6.7
23	46.17	123	69.75	G	N	2.1
24	44.75	123.75	203	G	N	4.9
25	44.75	123.75	131	G	M	4.9
26	4.17089	-7.60358	73.8	G	N	27
27	49.73	15.97	136.2375	G	N	7.47
28	50.9494	13.5125	149.85	G	N	7.8
29	25.48	79.62	566.55	G	N	25.66
30	26.05	91.83	194.85	G	N	22.17
31	25.07	91.7	131.85	G	N	23.23
32	32.33	78.02	21.6	G	N	-4.48
33	29.97	76.85	1083.15	G	N	24.73
34	26.78	82.2	237.15	G	M	24.41
35	11.22	76.65	834.75	G	N	19.65
36	11.22	76.65	1946.25	G	N	19.65
37	10	78.17	463.05	G	N	26.91
38	30.47	79.33	220.5	G	N	3.95
39	30.47	79.33	204.3	G	M	3.95
40	30.5	79.25	81	G	N	4.02
41	30.5	79.25	99	G	N	4.02
42	25.57	91.83	227.25	G	N	16.15
43	46	13.02	NA	G	M	13.1
44	36.52	138.35	NA	G	N	6.3
45	42.67	141.75	280	G	N	7.9
46	-1.33	36.83	219.6	G	N	19.7
47	51.67	71	112.05	G	N	1.3
48	19.46	-98.91	274.05	G	N	14.2
49	-43.78	171.8	233	G	M	10.9
50	-43.78	171.8	391	G	M	10.9
51	54.7252	90.0022	58.95	G	N	2.3
52	54.773	89.9566	84.6	G	N	2.9
53	54.7046	89.0779	94.95	G	N	2.3
54	51.67	36.5	301.95	G	N	6.1
55	60.83	30.25	131.4	G	N	8.6
56	51.83	94.42	52.2	G	N	-4.3
57	60.17	17.63	NA	G	M	5
58	60.17	17.63	NA	G	M	5
59	6.33	100.93	274.5	G	N	26.4
60	37.03	60.08	95.85	G	N	6.1
61	-0.18	29.88	248.85	G	N	17.50657604
62	51.8092	-0.3553	NA	G	N	9.2
63	39.75	-102.5	40.3	G	N	10.3
64	39.15	-78.1	431	G	N	11.8
65	31.1	-97.33	176.4	G	N	19.6
66	37.931	-122.673	260	G	N	12.31
67	37.931	-122.673	170	G	N	12.31
68	45.78	-110.78	148.5	G	N	2.9
69	44.46	-93.15	218.7	G	M	8.11
70	44.46	-93.15	336.15	G	M	8.11
71	44.46	-93.15	242.55	G	N	7.86
72	44.46	-93.15	341.1	G	M	7.86
73	44.65	-99.36	166.5	G	N	7
74	41.18	-104.9	NA	G	N	9
75	41.18	-104.9	NA	G	N	9
76	43.95	-101.87	111.9	G	N	7.19
77	46.9	-102.82	157.95	G	N	4.1
78	43.28	-89.37	76	G	N	8.69
79	38.88	-99.38	124	G	N	11.9
80	38.87	-99.38	163.35	G	N	11.62
81	37.4	-122.23	117.45	G	N	12.65
82	32.6	-106.75	66.75	G	N	14.15
83	42.442275	-85.330039	412.5	G	N	10
84	41.44406	-85.30978	235	G	M	10
85	42.485	-85.44217	169	G	M	10
86	41.44628	-85.31047	244	G	M	10
87	42.47353	-85.44742	102	G	M	10
88	34.98	-97.52	107.1	G	N	16.78
89	39.1	-96.53	181.5	G	N	13
90	39.2	-96.58	267.375	G	N	13
91	39.05	-96.53	495	G	N	13
92	41.55	-93.28	312	G	N	10.8
93	36.95	-96.55	155.55	G	N	15.04
94	35.3	-101.53	115.65	G	N	13.73
95	40.82	-104.77	77.4	G	N	7.66
96	31.48	-96.88	253	G	N	18.9
97	34.353	-106.882	35.19	G	N	13.2
98	34.353	-106.882	53.2272645	G	M	13.2
99	39.25	-121.28	219.6	G	N	16
100	39.25	-121.28	294.6375	G	M	16
101	40.827	-104.724	51.09545455	G	N	8.6
102	40.1397	-104.7542	61.83	G	N	8.6
103	45.5	-93.73	79.2	G	N	5.498630249
104	36.6	-99.58	166.5	G	N	14.3
105	36.6	-99.58	198.45	G	N	14.3
106	39.9	-100.98	68.6	G	N	11.6
107	43.175	-90.067	219.6	G	M	9.05
108	37.862	-122.524	330	G	N	12.41
109	37.862	-122.524	350	G	N	12.41
110	37.862	-122.524	120	G	N	12.41
111	37.86	-122.49	NA	G	N	12.16
112	42.3842	-72.2144	187.2	G	N	9.3
113	42.3842	-72.2144	226.35	G	M	9.3
114	43.07	-89.82	208.8	G	N	9.17
115	43.07	-89.82	278.1	G	N	9.17
116	9	-63	NA	G	M	25.9
117	9	-63	NA	G	M	25.9
118	-29.104139	26.17285	105.3	G	N	15.63
119	54.68	-113.47	NA	P	N	1.4
120	55.91	-98.42	NA	P	N	-3.9
121	45.4094	-75.5187	182.25	P	N	5.8
122	55.98	-112.52	NA	P	N	-0.2
123	52.03	5.83	255.285	P	N	8.421643965
124	52.03	5.83	112.05	P	N	8.421643965
125	52.03	5.83	306	P	N	8.421643965
126	56.97	82.6	143.55	P	N	0.53
127	54.64	-2.3	183.15	P	N	4.9
128	54.64	-2.3	249.75	P	N	4.7
129	54.64	-2.3	220.95	P	N	4.7
130	54.6908	-2.3639	178.65	P	N	4.9
131	54.64	-2.3	181.8	P	N	4.7
132	75.55	-84.67	36	T	N	-16.72392711
133	46.58	8.38	114.705	T	N	2.1
134	60.3	7.68	130.05	T	N	-1.8
135	60.3	7.68	77.85	T	N	-3
136	68.42	18.32	16.875	T	N	-1.4
137	68.42	18.32	27.79508439	T	M	-1.4
138	68.326	18.85386	121	T	N	-2.5
139	68.30028	18.85136	90	T	N	-0.6
140	68.3555	19.0475	NA	T	N	-0.6
141	40.05	-105.58	116.1	T	N	2.81
142	40.05	-105.58	96.3	T	N	2.81
143	68.63	-149.57	93.24	T	N	-10
144	68.63	-149.57	157.95	T	M	-10
145	39.48	110.18	55.075	Sh	N	6.7
146	39.49581	110.19739	109.75	Sh	N	7.02
147	39.48494	110.15328	59.55	Sh	N	7.02
148	39.48703	110.15175	5.75	Sh	M	7.02
149	38.1	-1.8	179.4	Sh	N	15.5
150	24.94	67.12	264.015	G	N	25.59
151	41.08	-113.08	77	Sh	N	9.47
152	41.08	-113.08	32	Sh	N	9.47
153	32.27	-109.22	64.45	Sh	N	17.04
154	43.82	111.79	61.4	G	N	3.38
155	6.33	-5.02	918	G	N	24.66
156	6.33	-5.02	639	G	N	24.66
157	6.33	-5.02	850.5	G	N	24.66
158	6.33	-5.02	936	G	N	24.66
159	24.33	83	426.15	G	M	23.2505484
160	24.33	83	524.925	G	M	23.2505484
161	24.33	83	414	G	M	23.2505484
162	39.25	-121.28	217.8	F	N	15
163	39.25	-121.28	200.7	F	N	15
164	39.25	-121.28	164.7	F	N	15
165	-9	-63	NA	G	M	25.9
166	-10.17	31.18	NA	F	N	20.3
167	78.9	-75.92	16.83	T	N	-15.94137014
168	60.3	7.68	191.25	T	N	-2.1
169	71.3	-156.67	59.85	T	N	-12.6
170	71.32	-156.63	NA	T	N	-12.6
171	68.63	-149.57	64.845	T	N	-10
172	68.63	-149.57	63	T	N	-10
173	55.91	-98.42	NA	P	N	-3.9
174	55.91	-98.42	NA	P	N	-3.9
175	55.91	-98.42	NA	P	N	-3.9
176	63.2897	75.4781	150.6612676	P	N	-4.48
177	56.8	82.8	353.3450704	P	N	0.63
178	40.4	-105.58	130.9	P	N	0.8
179	40.4	-105.58	98.55	P	N	0.8
180	40.4	-105.58	90.5	P	N	0.8
181	46.259686	-89.528694	190.1408451	P	N	5.23
182	46.082	-89.978	NA	P	N	5.075
183	47.58	133.52	581.31	G	N	2.5
184	47.58	133.52	325.935	G	N	2.5
185	47.58	133.52	246.42	G	N	2.5
186	47.58	133.52	NA	G	N	2.5
187	47.58	133.52	NA	G	N	2.5
188	49.02	14.77	319.05	G	N	9.1
189	49.02	14.77	595.35	G	M	9.1
190	43.28	-89.58	202.05	P	N	7.85
191	43.28	-89.58	175.95	P	N	7.85
192	42.84	-88.74	260.1	P	N	8.26
193	42.43	-87.95	204.3	G	N	8.52
194	43.1	-93.8	1033.65	G	N	7.22
195	43.1	-93.8	1286.1	G	N	7.22
196	43.1	-93.8	479.7	G	N	7.22
197	42.42	-76.53	486	G	N	7.93
198	42.35	-76.47	491.4	P	N	7.6908222
199	33.66233	-117.8517	612	G	M	17.7
200	45.5	-93.73	351	P	N	4.61
201	43.15	-77.06	102.42	P	N	7.56
202	51.11	3.85	615	F	M	11.5
203	50.55219	4.744772	NA	C	M	9.7
204	31.87	118.83	NA	C	M	16.3
205	36	109	NA	C	M	9.4
206	36	109	NA	C	M	9.4
207	44.28	87.93	NA	C	M	9.3
208	41.15	121.2	NA	C	M	9.1
209	35.95	104.15	NA	C	M	6.7
210	31.62	120.47	NA	C	M	15.72
211	36.95	116.6	NA	C	M	13.1
212	46	13.02	NA	C	M	13.1
213	43.24378	141.83353	NA	C	M	7.38
214	43.23231	141.84275	NA	C	M	7.4
215	43.24069	141.86506	NA	C	M	7.4
216	43.23231	141.84839	NA	C	M	7.4
217	43.24264	141.82669	NA	C	M	7.5
218	43.24772	141.83556	NA	C	M	7.5
219	36.13	140.17	NA	C	M	13.1
220	36.13	140.17	NA	C	M	13.1
221	36.13	140.17	NA	C	M	13.1
222	60.17	17.63	NA	C	M	5.540959026
223	43.28	-89.37	924	C	M	7.3
224	42.93	-93.8	1157	C	M	7.8
225	42.95	-92.53	863	C	M	8.2
226	42.43764	-85.32861	1227	C	M	10
227	42.47669	-85.44672	952	C	M	10
228	41.55	-93.28	336	C	M	10.8
229	41.16506	-96.47664	NA	C	M	11
230	41.16486	-96.47008	NA	C	M	11.2
231	41.17967	-96.43964	NA	C	M	10.6
232	43.07	-89.82	140	C	M	9.17
233	36.054	140.0269	NA	C	M	13.95
234	39.635992	140.950331	675.9	C	M	7.82
235	-3.73	-70.4	1013.34	F	N	25.5
236	-3.72	-70.3	1034.45	F	N	25.5
237	44.2334	-122.1731	694.514	F	N	7.69
238	44.2477	-122.1974	840.008	F	M	7.69
239	48.2	7.18	376.752	F	M	5.4
240	48.2	7.18	391.031	F	M	5.4
241	54.1	10.23	609.7355	F	N	8.59
242	54.1	10.23	613.442	F	M	8.59
243	51.31	4.52	1473.53	F	M	11
244	51.31	4.52	488.81	F	M	11
245	-4.12	-79.18	144	F	N	9.4
246	45.05	-123.97	583.044	F	N	10.1
247	45.05	-123.97	658.225	F	M	10.1
248	45.0679	-123.8882	398.628	F	N	10.59
249	45.0894	-123.8807	614.762	F	M	10.59
250	-1.7197	-51.459	695.6	F	N	26.9
251	-1.72	-51.45	925.32	F	M	27.2
252	19.5	-105.05	332.572	F	N	24.9
253	35.8	-76.67	1165.031	F	M	14.9
254	-15.44272222	167.1919444	1423.96	F	M	25.1
255	41.84936	13.58814	404.151	F	M	7.3
256	52.95	-7.25	NA	F	M	9.3
257	35.9782	-79.0942	832.0401084	F	M	14.8
258	64.11278	19.45694	300.56	F	M	3.4
259	55.96	12.25	455.182	F	M	7.5
260	51.07917	10.453	415.902	F	N	8.37
261	42.5378	-72.1715	297.16	F	N	12.7
262	48.67416	7.06556	635.412	F	M	11.07
263	-2.60909722	-60.20929722	786.03	F	N	27.1
264	60.82	16.5	306.154	F	M	5.3
265	50.55	13.46	638.534	F	N	5.9
266	44.2917	-121.3333	70.023	F	N	9.1
267	56.48	8.4	622.918	F	M	7.5
268	47.478	8.36533	651	F	M	7.4
269	34.8	-79.2	840	F	M	16.32
270	52.17	5.74	567.612	F	M	10.17
271	44.4982	-121.6249	258.972	F	N	8.7
272	44.4634	-121.6634	502.964	F	M	8.7
273	41.75	14.88	591.961	F	N	8.3
274	39.3232	-86.4131	555	F	M	11.1
275	50.58	13.25	534.291	F	M	5.9
276	35.142633	-111.727325	117	F	M	9.3
277	35.089028	-111.762036	115	F	N	8.95
278	2.98	102.3	1304.363	F	N	24.8
279	19.83	-155.12	1390	F	M	20.3
280	-35.35	148.93	677.363	F	M	13.5
281	-35.35	148.93	1450.166	F	M	13.5
282	-4.12	-78.97	556.48	F	N	19.4
283	-4.11	-78.97	476.84	F	N	17.5
284	42.36	11.8	1210	F	M	17.4
285	42.36	11.8	1191	F	M	17.4
286	42.36	11.8	1560.5	F	M	17.4
287	53.629	-106.2	370.018	F	N	0.5
288	53.987	-105.117	154.778	F	N	1
289	53.916	-104.69	128.656	F	N	1
290	-3.98	-79.1	462	F	N	15.7
291	-3.99	-79.1	195	F	N	13.2
292	1.93	-67.05	855.635	F	N	25.9
293	-13.0489	-71.5369	582.366	F	N	18.8
294	44.4222	-121.8389	287.74	F	N	6
295	53.876	-104.645	213.2	F	N	0.4
296	50.06	11.83	416.694	F	N	5.5
297	44.675	-122.6111	980.695	F	N	10.6
298	56.55	13.21	631.482	F	M	7.6
299	51.75813	9.59333	590.583	F	M	6.1
300	55.48587	11.64464	836.708	F	M	8.54
301	36.1462	137.4231	423.80375	F	M	6.5
302	36.13	137.37	630	F	M	10.6
303	-12.8364	-69.2792	1140.57	F	N	26.4
304	-12.83	-69.2711	974.48	F	N	26.4
305	-2.85666667	-54.95888889	1386.97	F	N	25.9
306	-3.01802927	-54.97143509	677.05	F	N	25.9
307	50.96361	13.56694	429.461	F	M	8.93
308	55.88	-98.33	347.3445	F	N	0.8
309	55.9	-98.47	368.998	F	N	-1.6
310	55.9	-98.47	136.854	F	N	-1.6
311	55.9	-98.47	127.996	F	N	-1.6
312	55.88	-98.33	504.848	F	N	0.8
313	-12.9592	-71.5658	514.199	F	N	20.7
314	-13.1094	-71.5997	276.673	F	N	11.8
315	-13.1083	-71.5892	425.628	F	N	13.5
316	-13.07333333	-71.55833333	303.057	F	N	17.4
317	-13.07111111	-71.555	313.788	F	N	18
318	42.660936	-80.559519	309	F	M	8.825
319	42.709778	-80.3574	457	F	M	8.825
320	42.706811	-80.348314	391	F	N	8.825
321	42.774419	-80.458775	654	F	N	8.825
322	45.59	-84.71	261	F	M	5.5
323	45.5598	-84.7138	359.384	F	N	5.5
324	9	-63	NA	F	N	25.9
325	50.2	11.88	554.133	F	M	5.5
326	35.9588	-84.2874	564.125	F	N	13.8
327	44.6	-123.22	651.046	F	N	11.2
328	-13.19	-71.5869	383.93	F	N	12.5
329	50.4535	11.4575	571.518	F	M	5.5
330	45.8059	-90.0799	319.14	F	M	4.8
331	45.8205	-121.9519	480.278	F	N	8.12
332	51.46	-1.32	421.772	F	N	10.1
333	21.9275	101.2653	791.84	F	N	21.7
334	-4	-69.9	599.56	F	N	25.5
335	34.8	-79.2	357	F	M	16.32
336	46.58	8.38	157.8	T	M	2.1
337	22.57	112.83	687.1929	F	M	21.7
338	22.57	112.83	2039.08962	F	M	21.7
339	10.43	-83.98	1213.7948	F	M	25.8
340	10.43	-83.98	1220.6595	F	N	25.8
341	10.43	-83.98	1571.15138	F	N	25.8
342	10.43	-83.98	991.47846	F	N	25.8
343	10.43	-83.98	1300.84174	F	N	25.8
344	38.1	-1.8	260.4	Sh	N	15.5
345	-16.0158	-62.7301	1130.52	F	N	23.4
346	-16.0158	-62.7301	810.68	F	N	23.4
347	-13.047	-71.542	670.16	F	N	17.4
348	-13.19	-71.597	536	F	N	13.1
349	26.1917	117.4333	763.9375273	F	N	19.1
350	26.1917	117.4333	1016.00375	F	M	19.1
351	-1.493	120.057	697.2	F	N	20.8
352	-1.493	120.057	876.2	F	M	24.4
353	-13.0765	-52.3858	866.84	F	N	25
354	-3.95	-73.43	1183.309	F	N	25.2
355	-3.95	-73.43	1094.72	F	N	25.2
356	-1.72	-51.5	760	F	N	26.9
357	-23.03	-48.63	1385.6185	F	M	19
358	22.08	-159.53	592.136287	F	N	16
359	19.94	-155.34	545.31303	F	N	16
360	19.41	-155.22	449.143059	F	N	16
361	19.41	-155.22	516.26646	F	M	16
362	45.05	142.1	514	F	N	5.8
363	60.3	7.68	332	T	N	-3
364	60.3	7.68	335	F	N	-3
365	49.693	-74.432	197	F	N	0
366	57.13	14.75	451.8	F	M	5.5
367	61	16.22	262.9	F	M	3.4
368	64.12	19.45	273.8	F	M	1.2
369	64.75	-148.25	90.5	F	N	-3.5
370	64.75	-148.25	93	F	N	-3.5
371	64.75	-148.25	61.5	F	N	-3.5
372	30.13	-79.86	652.32	F	N	15.6
373	30.13	-79.86	638.925	F	N	15.6
374	30.13	-79.86	821.005	F	N	15.6
375	25.56	91.87	805	F	N	16.8
376	39.45	-120.62	463.71	F	N	12
377	39.45	-120.62	363.506	F	M	12
378	30.08	79.75	665	F	N	10.86465753
379	30.48	80.25	547	F	N	-7.480821918
380	30.48	80.25	320.5	F	N	-7.480821918
381	48.6472	19.6033	1020.916	F	N	5.2
382	48.6472	19.6033	861.1015	F	N	5.2
383	46.35	11.27	816	F	M	11.6
384	35.45	138.77	541.906	F	N	9.7
385	52.75	10.5	558.5115	F	N	8
386	8.75	-82.25	732.67072	F	N	20
387	35.3	135.72	449.1187	F	N	10.5
388	35.3	135.72	307.6399	F	N	10.5
389	37.4606	-83.1586	933.648	F	N	13
390	37.4606	-83.1586	924.721	F	N	13
391	38.89525	-120.63275	NA	F	M	11.5
392	-2.5894	-60.1153	NA	F	N	23
393	60.09	17.48	NA	F	M	6
394	-4.73	12.02	524.125	F	M	25.7
395	-4.73	12.02	594.48	F	M	25.7
396	-4.73	12.02	752.355	F	M	25.7
397	-23.03	-48.63	686.765	F	M	19
398	-23.03	-48.63	763.43	F	M	19
